1867826
419611
4614227
4108604
3744855
2341058
1719584
9149733
1458592
9906821
7078674
533225
499915
1571946
3668137
3903403
8478455
445200
9416130
3335943
9142601
7038375
3698380
7536478
9886238
4667266
109032
2678639
7090294
5708457
4661908
2608514
3612366
5647120
1714804
1556018
6374123
1622632
6022675
5770620
4437924
728978
7707871
8996415
2094236
6350754
1322048
9261705
4918716
6067229
9686362
3226068
1166942
768806
3823499
4855125
1338688
3905583
1694523
6377460
4663624
7606963
6120869
2728883
6210607
5960454
3514945
4479145
1197936
2871231
8961381
4107246
2741439
7755440
6366206
4528973
9344067
3684532
5440562
938484
3842789
538553
5292424
6730429
4491947
1110461
3539705
9515703
5279419
3567282
8375711
6637602
7698257
2396988
4443952
2342609
4137723
9418195
9042539
4408073
9807726
7187927
9790058
6700829
6073293
3679592
2320822
8548433
8279822
1525207
790482
1839608
2564252
2684053
7082669
1065819
6455325
6402510
9997349
7852575
8877066
4218029
9281591
192620
1921860
9008868
4476584
5707198
1871535
4924116
7294151
2653447
7612221
54448
4418935
8398442
2997282
8517486
1785278
5007073
8517170
3337175
2564218
6273234
2710344
9049279
8897859
9595
5438437
8197444
326766
1876829
6089807
5159231
4017344
971824
4041155
9518670
1321325
1437027
8153567
1161194
8937327
2109912
2154052
7973916
9224174
2770371
4446913
8852898
7099077
3553385
9047887
3374755
5229732
6693980
6264957
7350100
8683482
7574681
2030114
4159167
3769796
1074177
5672135
352897
9870183
9293262
3860685
9872387
3694635
120643
1191067
987738
3841006
1130790
527022
5543671
1188790
8626109
3993056
4672074
8143904
3594298
9046845
2219825
9580514
9667228
7930104
4076818
7935170
6829333
3194549
1582525
1626230
7231839
5944127
7106471
6897152
7835374
908842
1651178
1016912
6754865
5692554
1833231
4171762
3214349
3191176
8997382
7526487
2351869
7078000
3078419
4673213
7761612
4191057
1264749
7434501
9232927
1642636
848732
9069561
247596
1564690
3965790
2790238
6818497
8147707
8075855
3586085
6728340
983739
2762153
6358114
36162
6550191
4449369
7633774
4785688
7096888
9324246
8164992
2597060
3185958
4977932
3652415
981187
9717033
9096527
1022699
5261416
959075
841249
9800874
7999184
8436430
8910818
2641283
954281
8519949
1344048
3117626
1149598
9983033
1140195
3946067
6774230
2011364
9557568
4130809
9712651
9974377
666755
1375454
7033427
9792397
9482935
8770839
5307806
4374923
3426901
5271131
4004486
4456273
6640185
2195774
5033116
7670956
5304574
1217072
156288
7688756
9445466
1677408
1229111
9020009
3576136
8487337
4449325
2222253
5855397
1154127
4098413
6199636
4781296
2646553
7351518
9113686
5075396
8874153
131250
9304683
5022742
1737894
2253032
4437002
1936572
1795766
9281553
2607984
4569245
4727086
3533780
5752577
3415797
4428915
8479357
8196205
4213116
852265
1548512
7106423
4641924
739654
59487
5596151
2194790
4394881
2710896
7412770
9255662
7175396
9410456
162231
1876933
1262383
2500716
9153487
604452
6194417
9772889
9269833
2484602
7210625
2138182
701772
5171717
6117838
669325
6003043
3524500
4186415
1724591
5933743
9393287
6817882
2592975
3971794
2726328
2970446
6917153
415847
3009173
5573148
6907401
4163556
4476258
2670897
1813544
6417986
649692
7896869
3731819
3348277
7722607
5866295
5120254
3818419
3740037
397024
3240181
6685150
5507322
4674184
1164687
4682941
5891255
8546410
6705491
8996208
5555773
463061
1935114
4382464
2995871
9740680
4453787
641850
1818693
7290771
5799668
5262633
7321475
8580256
1940215
6462507
9673543
3188993
4273535
744683
7315832
28375
8722816
9033726
3305701
6110623
7235970
1173966
5539838
5266631
2090866
5038572
8508104
5188936
6851697
5472442
6751159
4960272
9301498
2135535
3218543
7053919
6361003
2919695
9548002
5049102
6812811
9192861
6811
5098176
4813614
3526281
7212327
9730530
5406445
7801208
7411940
7418211
3585315
8576077
7938747
2846950
1422634
4761146
8647850
5623526
1566778
3940442
5207975
3768845
3340846
2472190
409791
775338
4107777
7971466
1221855
7640616
6953167
9658156
3262082
6442090
8294273
6705063
4093380
2475837
93027
1788239
7132770
3671546
2950889
8689890
7793854
842525
9351718
4180854
2036060
7658159
2237059
7795420
8910915
9377211
9990033
5323377
7425150
8468773
7159522
9191767
7481189
2670227
7963716
7550918
4348513
4147995
4652513
8745960
8130189
4013880
4606981
7379838
1299955
4793723
3934150
4558624
5634587
5363837
9062251
1351869
2321532
2530519
3879924
6426266
2563647
3589534
1077582
6960329
6838383
5551269
9103505
7816913
6975535
1044646
3470106
7048839
6534337
9799227
327692
9658482
6381735
8002393
98920
5901534
5009889
6542891
7030011
9029843
9162580
3700026
8191132
3681285
4579095
7312115
8147721
486956
6523942
5639318
6783309
2768992
7841506
2141240
8961108
452422
6610563
9930313
9468927
454697
1408405
7190930
2276660
7746015
3048908
843637
4364699
6360308
5492067
3551071
7628589
5483563
5662320
6360683
4668372
7072685
4232414
1374159
7890440
325198
9049950
873852
5871361
3761824
1151226
675420
520597
4148726
3344718
341920
2556552
4002121
2117637
7945037
1919137
9461840
3656839
7801976
4299056
6189035
2815035
1921543
2747535
5218368
1813597
9708719
430813
5233775
9660267
6296606
6654758
3327422
1275010
9933754
4074337
1709621
5059718
2030967
9494773
689026
5825113
8937983
7186991
6217148
1156903
8488614
5724910
212268
7047417
8224220
1770649
7273316
6076507
7713147
2566766
7306262
2955088
8753458
4531231
9029044
8111743
7799288
7307728
9940075
4502930
5407374
4118726
1453963
4679640
7563203
4091350
7796515
9560491
6358386
5643799
481507
8293087
5452833
3050767
8179731
3558781
5952976
4334435
5709939
4691891
4635018
9324627
170308
8667567
3205395
1436348
4049283
6818733
8196977
9314312
4031967
7987517
8234616
7519122
289294
1561177
4936454
3717771
6784726
4081984
5137285
9756884
6191136
7939994
9285736
8907392
5767293
7138770
9233987
5549758
5902402
7612583
4545224
5144281
4217854
3867787
2024270
3231029
5294017
2005796
8990306
3106299
3213525
3630332
8123505
4638894
9891627
8801947
4747931
1686549
3256753
4970191
3816535
6054580
3010530
5071209
237371
8961300
2123710
4602181
763627
914795
9283823
4901240
2118619
8235578
1721136
205780
9631200
4770423
7875174
8031492
7389841
5716098
3093110
861959
4235885
8014966
1914065
1096281
6722756
8250139
1242893
9680809
899412
2545557
2503121
9442882
5097515
1429099
4163954
1987288
9362912
6982242
3786402
8767313
6381685
7558379
7427626
4988758
9873814
7194571
5123431
9540020
1010497
1664864
3486103
3540416
4440026
1362100
2634981
4024270
2916108
9260894
1259380
2626182
44892
6853788
7558198
9962499
7883824
4886521
547606
3883527
4833598
4743228
7617382
1194199
3916202
4438491
9895028
3318856
7132649
1925627
9136241
3771677
2499628
4456574
2386329
1198059
1000561
2783723
5160870
9983183
9549710
4842083
7367773
2086309
7863448
5101804
6752973
4567534
8396530
9059388
8284510
7344376
1349591
668753
7248239
5407659
4200477
433941
1532211
3840715
9650240
9850289
348051
4521645
9667821
674976
2939213
7893694
8706769
7419379
4666693
3044883
9820202
7312937
8249790
1530794
7885466
5837818
6850945
5591987
5386464
1754895
2698194
5533188
6906259
8312591
4835493
6718474
9229090
615676
7630713
1477399
5276723
4234551
5423635
1944842
6780933
8633493
19312
9103210
7750677
6933144
909394
3147113
8697970
6069651
8363327
7416217
865902
3415141
4480461
9214377
2198038
4832328
7350369
8132115
2037192
484349
4014746
2657145
5213523
9241546
229420
9265242
6844948
1563791
3769852
1903562
7741811
1970755
2583207
8361354
4896625
8537456
4587309
6970772
8095000
7922534
4089127
7663606
9248694
2426690
6435506
3197912
8526868
2290230
1171219
4634663
6961579
5702161
8518425
4482414
43038
4745251
5008936
9847181
9729500
8214802
2493018
7491823
9035883
8125901
5790219
5577417
9259638
9117244
6328535
7639415
5398529
3165062
4006493
9593173
6425185
3918528
6891663
732281
5338113
7935225
6395998
6477327
2551904
8310236
621087
2118061
8427048
9901585
5569947
1683839
7387113
1672885
8823995
7665982
257490
2418527
