1867826
419611
4614227
4108604
3744855
2341058
1719584
9149733
1458592
9906821
7078674
533225
499915
1571946
3668137
3903403
8478455
445200
9416130
3335943
9142601
7038375
3698380
7536478
9886238
4667266
109032
2678639
7090294
5708457
4661908
2608514
3612366
5647120
1714804
1556018
6374123
1622632
6022675
5770620
4437924
728978
7707871
8996415
2094236
6350754
1322048
9261705
4918716
6067229
9686362
3226068
1166942
768806
3823499
4855125
1338688
3905583
1694523
6377460
4663624
7606963
6120869
2728883
6210607
5960454
3514945
4479145
1197936
2871231
8961381
4107246
2741439
7755440
6366206
4528973
9344067
3684532
5440562
938484
3842789
538553
5292424
6730429
4491947
1110461
3539705
9515703
5279419
3567282
8375711
6637602
7698257
2396988
4443952
2342609
4137723
9418195
9042539
4408073
9807726
7187927
9790058
6700829
6073293
3679592
2320822
8548433
8279822
1525207
790482
1839608
2564252
2684053
7082669
1065819
6455325
6402510
9997349
7852575
8877066
4218029
9281591
192620
1921860
9008868
4476584
5707198
1871535
4924116
7294151
2653447
7612221
54448
4418935
8398442
2997282
8517486
1785278
5007073
8517170
3337175
2564218
6273234
2710344
9049279
8897859
9595
5438437
8197444
326766
1876829
6089807
5159231
4017344
971824
4041155
9518670
1321325
1437027
8153567
1161194
8937327
2109912
2154052
7973916
9224174
2770371
4446913
8852898
7099077
3553385
9047887
3374755
5229732
6693980
6264957
7350100
8683482
7574681
2030114
4159167
3769796
1074177
5672135
352897
9870183
9293262
3860685
9872387
3694635
120643
1191067
987738
3841006
1130790
527022
5543671
1188790
8626109
3993056
4672074
8143904
3594298
9046845
2219825
9580514
9667228
7930104
4076818
7935170
6829333
3194549
1582525
1626230
7231839
5944127
7106471
6897152
7835374
908842
1651178
1016912
6754865
5692554
1833231
4171762
3214349
3191176
8997382
7526487
2351869
7078000
3078419
4673213
7761612
4191057
1264749
7434501
9232927
1642636
848732
9069561
247596
1564690
3965790
2790238
6818497
8147707
8075855
3586085
6728340
983739
2762153
6358114
36162
6550191
4449369
7633774
4785688
7096888
9324246
8164992
2597060
3185958
4977932
3652415
981187
9717033
9096527
1022699
5261416
959075
841249
9800874
7999184
8436430
8910818
2641283
954281
8519949
1344048
3117626
1149598
9983033
1140195
3946067
6774230
2011364
9557568
4130809
9712651
9974377
666755
1375454
7033427
9792397
9482935
8770839
5307806
4374923
3426901
5271131
4004486
4456273
6640185
2195774
5033116
7670956
5304574
1217072
156288
7688756
9445466
1677408
1229111
9020009
3576136
8487337
4449325
2222253
5855397
1154127
4098413
6199636
4781296
2646553
7351518
9113686
5075396
8874153
131250
9304683
5022742
1737894
2253032
4437002
1936572
1795766
9281553
2607984
4569245
4727086
3533780
5752577
3415797
4428915
8479357
8196205
4213116
852265
1548512
7106423
4641924
739654
59487
5596151
2194790
4394881
2710896
7412770
9255662
7175396
9410456
162231
1876933
1262383
2500716
9153487
604452
6194417
9772889
9269833
2484602
7210625
2138182
701772
5171717
6117838
669325
6003043
3524500
4186415
1724591
5933743
9393287
6817882
2592975
3971794
2726328
2970446
6917153
415847
3009173
5573148
6907401
4163556
4476258
2670897
1813544
6417986
649692
7896869
3731819
3348277
7722607
5866295
5120254
3818419
3740037
397024
3240181
6685150
5507322
4674184
1164687
4682941
5891255
8546410
6705491
8996208
5555773
463061
1935114
4382464
2995871
9740680
4453787
641850
1818693
7290771
5799668
5262633
7321475
8580256
1940215
6462507
9673543
3188993
4273535
744683
7315832
28375
8722816
9033726
3305701
6110623
7235970
1173966
5539838
5266631
2090866
5038572
8508104
5188936
6851697
5472442
6751159
4960272
9301498
2135535
3218543
7053919
6361003
2919695
9548002
5049102
6812811
9192861
6811
5098176
4813614
3526281
7212327
9730530
5406445
7801208
7411940
7418211
3585315
8576077
7938747
2846950
1422634
4761146
8647850
5623526
1566778
3940442
5207975
3768845
3340846
2472190
409791
775338
4107777
7971466
1221855
7640616
6953167
9658156
3262082
6442090
8294273
6705063
4093380
2475837
93027
1788239
7132770
3671546
2950889
8689890
7793854
842525
9351718
4180854
2036060
7658159
2237059
7795420
8910915
9377211
9990033
5323377
7425150
8468773
7159522
9191767
7481189
2670227
7963716
7550918
4348513
4147995
4652513
8745960
8130189
4013880
4606981
7379838
1299955
4793723
3934150
4558624
5634587
5363837
9062251
1351869
2321532
2530519
3879924
6426266
2563647
3589534
1077582
6960329
6838383
5551269
9103505
7816913
6975535
1044646
3470106
7048839
6534337
9799227
327692
9658482
6381735
8002393
98920
5901534
5009889
6542891
7030011
9029843
9162580
3700026
8191132
3681285
4579095
7312115
8147721
486956
6523942
5639318
6783309
2768992
7841506
2141240
8961108
452422
6610563
9930313
9468927
454697
1408405
7190930
2276660
7746015
3048908
843637
4364699
6360308
5492067
3551071
7628589
5483563
5662320
6360683
4668372
7072685
4232414
1374159
7890440
325198
9049950
873852
5871361
3761824
1151226
675420
520597
4148726
3344718
341920
2556552
4002121
2117637
7945037
1919137
9461840
3656839
7801976
4299056
6189035
2815035
1921543
2747535
5218368
1813597
9708719
430813
5233775
9660267
6296606
6654758
3327422
1275010
9933754
4074337
1709621
5059718
2030967
9494773
689026
5825113
8937983
7186991
6217148
1156903
8488614
5724910
212268
7047417
8224220
1770649
7273316
6076507
7713147
2566766
7306262
2955088
8753458
4531231
9029044
8111743
7799288
7307728
9940075
4502930
5407374
4118726
1453963
4679640
7563203
4091350
7796515
9560491
6358386
5643799
481507
8293087
5452833
3050767
8179731
3558781
5952976
4334435
5709939
4691891
4635018
9324627
170308
8667567
3205395
1436348
4049283
6818733
8196977
9314312
4031967
7987517
8234616
7519122
289294
1561177
4936454
3717771
6784726
4081984
5137285
9756884
6191136
7939994
9285736
8907392
5767293
7138770
9233987
5549758
5902402
7612583
4545224
5144281
4217854
3867787
2024270
3231029
5294017
2005796
8990306
3106299
3213525
3630332
8123505
4638894
9891627
8801947
4747931
1686549
3256753
4970191
3816535
6054580
3010530
5071209
237371
8961300
2123710
4602181
763627
914795
9283823
4901240
2118619
8235578
1721136
205780
9631200
4770423
7875174
8031492
7389841
5716098
3093110
861959
4235885
8014966
1914065
1096281
6722756
8250139
1242893
9680809
899412
2545557
2503121
9442882
5097515
1429099
4163954
1987288
9362912
6982242
3786402
8767313
6381685
7558379
7427626
4988758
9873814
7194571
5123431
9540020
1010497
1664864
3486103
3540416
4440026
1362100
2634981
4024270
2916108
9260894
1259380
2626182
44892
6853788
7558198
9962499
7883824
4886521
547606
3883527
4833598
4743228
7617382
1194199
3916202
4438491
9895028
3318856
7132649
1925627
9136241
3771677
2499628
4456574
2386329
1198059
1000561
2783723
5160870
9983183
9549710
4842083
7367773
2086309
7863448
5101804
6752973
4567534
8396530
9059388
8284510
7344376
1349591
668753
7248239
5407659
4200477
433941
1532211
3840715
9650240
9850289
348051
4521645
9667821
674976
2939213
7893694
8706769
7419379
4666693
3044883
9820202
7312937
8249790
1530794
7885466
5837818
6850945
5591987
5386464
1754895
2698194
5533188
6906259
8312591
4835493
6718474
9229090
615676
7630713
1477399
5276723
4234551
5423635
1944842
6780933
8633493
19312
9103210
7750677
6933144
909394
3147113
8697970
6069651
8363327
7416217
865902
3415141
4480461
9214377
2198038
4832328
7350369
8132115
2037192
484349
4014746
2657145
5213523
9241546
229420
9265242
6844948
1563791
3769852
1903562
7741811
1970755
2583207
8361354
4896625
8537456
4587309
6970772
8095000
7922534
4089127
7663606
9248694
2426690
6435506
3197912
8526868
2290230
1171219
4634663
6961579
5702161
8518425
4482414
43038
4745251
5008936
9847181
9729500
8214802
2493018
7491823
9035883
8125901
5790219
5577417
9259638
9117244
6328535
7639415
5398529
3165062
4006493
9593173
6425185
3918528
6891663
732281
5338113
7935225
6395998
6477327
2551904
8310236
621087
2118061
8427048
9901585
5569947
1683839
7387113
1672885
8823995
7665982
257490
2418527
6878300
2589752
1255410
7876746
4446345
5680115
6668664
1347468
5512416
8952697
6375500
5312693
8186401
9076743
602287
1147910
3938792
4821420
3816587
1516314
7280834
1651602
1686232
7443691
2791138
5024208
485655
771601
5442104
941525
4921895
6014017
6288790
7225726
2442256
4096954
8911493
6913082
9494698
3020854
2851853
2937177
1324870
6418029
4040454
8349471
9783754
2401117
3895476
7736812
4261033
7710314
4283672
157663
7805655
4825659
9170396
2650392
1239198
7410996
5797630
9857818
5018976
7118723
4195952
7664434
5068761
3342307
6454082
8106887
1789345
3979652
6398232
9595271
6022336
9643744
4963915
4953151
368086
6640519
4605017
135862
9494714
822826
8333701
4801542
3860746
5910965
3674287
3189886
4204820
2294775
1630141
661402
5183034
7395786
559764
9723635
6121356
2204725
1512188
4951132
5481438
6970986
2946752
3368778
2217274
9049761
6138071
8906225
8418720
4572251
2760598
4311243
8084066
4951652
5682699
1932228
7857297
1263314
2361511
3785187
6667459
9350155
6136688
1515031
6619863
233517
4436879
9002190
2073475
7630044
6183842
4398339
9807291
6392548
6232294
1817746
3922881
7910070
419844
9418853
5503033
3713926
1060606
7789117
5069910
6850068
1957498
2345070
760794
624316
5106391
8264870
1948179
1630612
3939291
9018536
2276066
6520396
7610880
6224541
9062927
7031781
9853936
2592465
6960608
1661308
8209881
6847049
4693261
548889
6216462
3645181
7438734
7460759
3961313
6084863
1666894
6162858
9134622
6017549
1015862
6679675
4628523
3184460
2049500
7628892
1538025
3558546
358319
848567
5595356
4086408
2112653
9472047
3442779
1151088
9298064
3475524
9837876
3623063
3909070
5512315
2475549
9998913
47573
4651900
2427462
2180907
9063312
4205280
2927576
1844259
432520
2211292
249315
6010309
3991830
9879313
5431984
264763
2923367
4452129
879110
2126656
7062547
8826251
1906719
1066327
7990082
7520811
6074007
8610705
9960064
1829623
7583393
8453011
3716989
727545
8748500
5060518
7684679
522622
1020481
8035983
6738020
7151685
1811299
8225347
7441742
1232970
1355440
5404140
2488629
1101966
2117144
4614003
9820790
9199895
5455707
6390516
8901267
4947564
7612082
8481740
7217548
1663939
1919550
9249871
3607489
7215377
7575835
3833487
6942640
5686329
7608450
6689583
6979149
1595276
5243692
7159912
5243276
4276342
6279730
2560857
7956895
1126311
1530498
1432177
1564142
7245686
1620083
6251977
2182976
9334353
1006314
9839252
9421857
9423484
5530542
2050701
6892226
5932392
7095703
863122
4825621
5242023
5899645
1738130
9695864
8512970
3569165
2595942
8089796
3762205
1815604
5873939
9332587
6166652
1927456
4673600
9631800
3794320
7199312
9411443
9340544
440467
4487029
485754
3026880
4584717
5183903
5701312
5889196
102439
3043481
2403362
9501292
6724046
1167450
2380262
514341
1539439
8900023
3609331
6311495
7043621
7610914
5719286
2640890
6208461
5228408
5442242
9522640
1425343
882630
2610198
2640900
834877
1368711
4565129
7434203
7113788
8148052
7416271
6948851
4582980
3616648
8595745
1909541
5791040
7212754
1860422
4752088
9951142
8164343
8840488
5174419
761977
3699686
6631420
919089
128968
3429651
5056978
3543919
2302418
4286906
4856118
5504980
2013004
129687
8344742
7225193
2947670
2167377
6378823
8935250
3860618
8393010
9373826
5941940
1209227
6661749
709715
7318551
314431
7713397
1306318
5252286
9659636
7202196
9620051
6785091
7007742
4857260
1932289
6795315
349915
5448706
2883554
7719146
6070881
1478575
7326808
1776089
4082174
7309440
9879621
6718434
8790633
1319480
6639864
5205544
5696088
3717363
5587965
2820799
1281434
8564489
1913050
8902072
8555576
3253165
5861545
5890477
2477825
3963934
1724774
2456927
4294435
3309672
2910831
2564730
1264219
2972019
8289909
7783841
9457912
9721862
7531381
9470601
5422535
5303931
2532645
7377996
1145654
7867191
7419021
5080484
4608260
9922378
942412
5904611
8511701
1244713
5207780
7746754
7581857
630945
954457
6186391
4816354
1287333
1514924
9967006
8507187
6450546
7763014
9736312
9299886
688247
7545280
9590808
3158135
5394324
7979731
8411548
2531029
1038069
7558524
1736474
5761930
1414809
8464928
2895059
656696
4156450
7344366
7372275
8792412
8770257
2663320
6105195
6255419
4746167
6499772
6858013
5676859
878548
5614485
1105818
5531294
1585547
9361070
6485472
4767196
4227788
2522846
5592887
1367377
9776747
2372775
5869019
5204825
6575964
2163450
9983136
1421350
5193923
9377157
6319631
5510923
2144024
8831415
1567881
7103581
8531022
6070469
305858
6083380
5181913
3024310
3593557
5733318
8158273
3221314
3800762
2307964
2599549
1294616
4962568
1696861
8517620
9055851
8833735
633298
5649969
2198639
6320311
2587932
2722057
3034092
2777287
7342942
733038
6893064
6111930
3985096
7452418
4780298
7531762
3925918
8959221
4012582
5192010
7868777
3255052
6171348
9570050
7391998
7745705
4727346
6406757
8437375
8849307
7023964
2718885
3350372
2321943
4194358
875432
8062974
6227906
9303650
1721171
8655524
2091746
4782564
1407192
2689595
4576679
7538326
8612630
2472101
7339572
1538699
3725180
7568672
5865065
447452
6960816
893503
6651394
8422282
6274033
3955700
6478793
1369113
6289991
3767136
472909
5346645
1662339
5625239
2450301
2308539
642621
4813038
7926479
2328555
7870362
7526284
88101
1329188
318833
4293692
3618087
2508523
9207408
8854537
7101037
1865406
4833543
3986942
5052479
2044277
801103
4000352
7043504
7669094
1053730
1859887
8385743
8993491
275740
8646570
9647696
4059049
2408820
4886734
7201434
26246
5919271
4035999
9574149
6988845
3142606
1436364
8782614
6049928
1135471
8825813
9128181
8511547
8516494
9297128
341154
6550727
7887558
730387
6490792
6262975
4255546
272500
5991042
1133462
5784826
4045422
1739192
9762718
5578737
2238242
743830
5910598
9160591
5679881
2937509
7795079
8028421
3058118
2262451
1058652
7678590
620486
4923150
3382136
734948
3346549
703066
5294820
5202211
8646702
6681091
9110544
7942331
4249900
614395
3206184
4800145
5989033
802019
5568773
4583815
2088345
6174338
7330828
6711252
7377557
6486823
5688091
3134273
8324909
8347058
6163059
8712004
4474831
1385992
7121923
1324176
7224390
3027558
9151542
4928583
5389034
1721308
1343334
5501584
4960016
5142148
7481226
7149042
2795836
7447547
5897980
7501591
710602
5914964
7297091
4606275
962309
1258982
6815077
6095350
8608155
2684132
522453
2395442
7351321
583830
2117789
1127989
3959346
6145972
6075879
6423231
9516786
543336
2574266
7548449
6223752
6241349
7448066
1289924
9628810
2310141
8882863
6156399
6677904
5274513
4675639
4187789
1903352
434754
3121369
8372569
8686325
6492571
9423305
1975702
4391884
4366938
7487221
3599895
4791185
8240972
3358436
2057515
2277145
1242388
7584018
2896694
7467727
1472885
5361794
5828830
1089497
9227421
9096127
4871471
5032438
2642500
2920763
6064833
8535506
3762151
2036125
3371892
2329968
3971775
8288313
440973
6054839
9294938
9601222
6189303
7841769
9255100
2177200
1446456
1103071
5189038
6680016
8030668
8819710
6891999
6869155
9645231
1237332
2102635
5318842
1244283
7549320
7815385
8679861
5779999
2153098
9249337
9861413
3052835
2164814
7258131
8436655
929674
2083078
8692312
2567174
5102364
2762488
2717355
5413350
3782764
5805304
8705661
4765540
1323050
4204460
3293400
9241586
4604525
2100010
5080554
8950277
1567469
8431779
2829241
9928899
9741632
2586951
2872270
5664317
9455942
691126
476029
1362694
762723
9676616
4440190
3536778
9598870
6989167
508114
8355693
9153272
4859884
5068299
8102470
4108370
6813103
4990113
7609208
1224285
1005174
2652150
7375357
6972976
8124386
7792047
3422939
5707485
2410361
5244265
5357241
5794357
6689355
2193892
6216633
8639933
9422944
1781471
5353877
4055689
7826112
2055577
4487431
7542970
4159389
2363535
1624231
849016
4868950
6444965
7015137
4165285
2679316
5493462
9691981
5246486
3184888
2673323
8359509
8635650
7831859
8367800
5176451
8344489
388834
1510774
6597510
8479951
7671058
4038757
3609525
9786891
5920598
816349
847928
4720377
8302947
7895138
4794063
9004177
137195
1803502
7229769
2247056
4437119
6136731
6765481
6139411
759042
6720645
858284
9567739
9425723
3265775
6082140
9281541
4841934
1233659
6481858
8460004
7555693
9225072
4692935
1993319
2158614
1622047
6608608
6261230
5688908
9358866
6133858
2420405
3339638
8541659
6734158
8389916
675366
760065
652869
2299089
5587496
7948108
8712958
7666996
2498810
8648752
2345136
5502354
5344048
2726332
6592684
5020320
9961047
5643411
8511334
8551584
8931181
8218264
9444302
5029652
7967376
279122
6180019
5557279
1838860
6988387
9792897
5161978
447066
7962303
4454862
9705189
9691098
3817542
861597
9789897
8060594
2860718
8795160
6378536
2479265
4063385
529666
9606136
1843741
3200830
317717
7399400
5262887
7025968
2540595
6928321
3420735
6884991
8419135
7912227
1044907
2316640
8702061
3478617
9410119
5453427
8025734
8816044
6322071
5263896
2905519
7711875
8944388
5743295
9164944
5943950
4435262
8123195
3225658
4135905
4680951
9363141
5007985
3772643
4993144
4848685
3477545
8204111
5319062
8049766
5851947
9403422
4587857
4828305
2044709
9621345
9113231
6370212
6619157
5790399
2457462
4872987
705759
4825637
1325894
5811016
7421840
4302416
8037617
3590103
3390139
9035839
4548853
9429098
4557053
2303059
1832518
9845383
4014487
4067771
851703
8909398
3786142
3906350
880655
1681043
6934047
5541408
7925623
1686864
2306315
86931
9233384
2649812
6826775
7980916
8010257
3346316
4819173
5388300
4788475
992584
1500902
9632360
3896009
8978366
625761
2937100
7010947
2949246
609682
6660464
8311163
3125791
4856450
628579
155478
5006191
9528819
1800207
5621074
4774153
7622713
9115070
8796606
8286476
2251502
8459285
7852086
4577447
3234839
1889900
5547959
2726202
7699308
4316189
3123903
236294
5655804
4949686
9525789
3240709
2944317
6803000
7175670
8644975
5501697
1455219
6724866
1600297
3100115
2359076
8010351
5429136
4161540
114591
4375251
6435311
3951391
7494979
4479422
5530195
5065811
9772070
9611288
191860
4388134
6032284
3964500
1042274
1983484
7808033
5147357
2679604
6801763
8430895
5217345
1969910
4949910
6166364
3705236
3676368
2240913
8022562
2570028
7633276
6268385
6976732
9214626
7899185
9018051
3664339
4151781
9996108
1373556
8816539
7495188
8861275
6069743
1310347
9465181
1882552
1036129
9188030
8480666
3391628
9608340
9003664
2514106
2760476
5504901
8729883
7412855
1950184
3446066
9783595
8201173
1525748
8562678
7473960
933414
7607332
2213659
8610870
6969668
7663807
9460860
968663
9375062
7757421
5170228
365248
6642918
4269084
50592
3655778
9702454
1225233
759837
7108463
5780236
1069714
9079217
1010922
1157950
7920041
532423
4816583
6859649
3019586
2272120
7052504
6282412
6416944
7525205
6333338
6302287
1346372
9047958
2231199
5834611
1990335
2994291
9013702
6594430
8872506
2136530
3736122
58273
381436
5005701
7767917
9134278
7115688
8924366
6363204
3853124
4152563
7728010
5807597
2602505
4624636
3162178
1893219
540517
7033691
262493
4037711
3457476
1128955
1692766
9964730
563317
7490039
816654
4105958
742170
6748893
7364574
3931561
9055667
3645173
946974
2351085
8453970
4853036
3928579
9665528
5350317
9688420
5379868
3974591
5062768
2403512
8745142
3708482
6938389
5041570
4616317
1022700
9340181
9926528
2938248
7167237
9325627
8315138
786585
5778322
6394714
8799031
5347477
6984769
6849453
2503457
5031295
6315954
3084978
9024939
7944328
4042776
3780655
5045520
2421821
7768274
966770
9435271
6923580
6987843
9349721
8891788
2249704
6516591
4074490
4278118
3411425
5540894
1326582
7546171
6225648
1551289
8986474
3195752
864642
4504039
6327829
663498
1221119
3156857
9858019
9375956
3640934
8042901
3504578
5586215
5086651
257257
3553545
3188069
1968240
8034959
4070039
3431162
6654382
4015308
9262354
5395805
4748946
6386445
7822385
8953164
6027376
5174468
4388276
6033836
8603634
8342929
7818251
1654372
7876743
5372623
3407914
6219397
5249961
6944596
766978
9437599
3712364
2448177
272125
4375064
9283028
9798430
9716406
7005798
4952505
2557040
3291552
5534222
3859073
6372654
9559482
4122666
8376889
9238249
5663389
4317227
8197702
8230829
7731428
2822493
5908536
2839808
2348115
9169526
8192589
3087810
9095548
985361
8790329
567469
1247058
813937
107103
6918794
2306726
3882809
1140313
2533858
153369
3669508
8484791
7650573
6261269
1014185
8106821
8184839
263936
110937
8929044
9255044
6901116
198827
280619
8882155
4609385
8988194
4809836
287606
8425787
7223820
3007599
1795438
1615879
8797728
2498086
4042787
3220086
8832466
4234875
5946535
4484965
6658818
1325723
6258767
6812010
7700705
9479164
4080352
3789256
5032740
1352528
531578
1568679
6799442
6362995
6327856
9272792
7986041
941453
158548
2875340
1387243
8386233
7279796
5557799
9493499
1599907
8861041
713901
3854843
3546990
9509061
7977572
4548221
781181
1247354
4703879
9110544
9454127
552001
3009070
5276178
262700
3475537
9848832
2419133
6682299
1290797
5021034
2725463
9461649
4034454
9507580
6528965
9069133
5565504
6439871
2347982
1315799
8401910
5802560
900877
1638896
7333125
3894731
1275375
5714199
9992656
6655573
5475692
497037
4585667
7558978
8230961
3827528
5969522
9278434
6298620
7245207
3116164
9829354
6376563
1437709
4955646
4134742
1233238
1376370
4495825
2587399
6375342
2588337
6536773
5312980
6051546
1787628
1535459
87162
5171870
7461430
6038414
4525930
1715159
2223099
1464605
3143913
7230637
7530348
9344659
9306993
8597331
6845846
1732968
440602
1503555
5937697
9298266
1561360
5443038
6463220
207042
4896387
6942581
6506197
1421023
9387466
4072544
9595904
8742684
2845130
6387624
2843768
2329350
4511712
5052145
4503119
8273247
2448381
1061447
2805275
7292658
4629872
7064925
5029009
8124054
1290527
6058671
4222821
4137095
8318185
9962419
3280755
7681644
1794699
2273138
5111314
113538
6638610
5573680
6373496
5528793
7385716
5615942
7224542
9972259
2283790
5040468
5379869
3369729
8036450
5271121
2980259
6681352
5354242
4889689
8237736
9661652
4067205
5467464
6309162
4702657
6592358
6123945
1910721
9459842
3352089
9935921
9154138
3018678
9229133
451578
7744736
3517317
7356054
4887727
1160290
6864257
8376918
2335039
5080689
4060442
4239296
2586095
7098910
6324857
1240930
7534090
8040225
9768434
6724394
8965198
8499550
7017922
9120854
616818
6031904
9007788
9962646
1425761
1834915
4164625
5956060
2790697
743176
9449269
6704474
5563270
7221846
1777455
176963
1654344
4340910
3724561
8567726
8703983
9361577
9739481
9650849
3708298
7478924
6276685
6562143
7768912
9874901
8396423
2529081
5787593
412093
8099555
1754048
4956531
6978910
1440405
1947321
2376916
5843986
5232652
5755704
7639214
3470658
8742857
8102154
5843510
7988682
1637843
7351205
7590805
5350414
1126999
5037596
749658
1930811
378916
5755893
1834802
2757405
4092181
8656942
2926840
9259519
2686632
5553085
9392707
7153292
7751983
3889891
6795569
3094588
3127054
7250014
6636772
489766
3310555
7542618
9935521
7206701
6523582
74660
3603681
3452491
4669852
1049646
9686291
1707117
9007503
3136666
6136989
5469120
3306358
7676423
1911848
4401560
8212179
8853589
5258049
6520285
6585796
9848305
1916497
5837207
5905328
7681626
2894532
4990297
9901383
1421903
2247271
5254385
1977391
4002587
5123427
1962078
3070978
6263037
2371603
8570220
6517333
7016888
2313030
9643646
6437585
7097414
3116430
8164972
9015729
2906398
9309889
2799539
8214831
4845844
2353786
3138994
5277777
7566541
899448
6023678
160784
8130389
2290673
3273713
6441515
9421784
8479843
8304217
6864136
8249792
6973122
7446597
8199018
2806048
1386983
9485802
517757
3699872
4900456
548533
4611267
3772247
9019576
4843085
2822079
7672580
9490040
8309979
9222875
8569903
1899366
9608548
1916070
4494431
9111810
6154920
9093979
698109
7404903
9166287
3666526
7132913
1718263
4152892
4994728
540737
7545257
4409308
5848152
1459333
7366371
1969411
3975296
3521172
9863727
5882610
7183452
2784710
2335976
3466503
3471923
995860
9564261
5885708
8930190
4715825
9039037
2824904
5430007
4909596
4854207
9608909
4485273
8630452
1597614
2274805
6905439
994653
4652717
2128831
2226184
4188890
2453558
5403887
4153280
6588426
8211755
2385245
9687593
4508326
6949544
6294348
7583163
1266953
1561872
6758715
8650559
4667853
6191987
7628528
8188028
5491003
9763594
41492
1562658
7691503
6009981
1062513
8966155
6672566
3654580
7208216
3554278
8299940
4505301
5416779
4757903
5666592
9182348
9696118
2191008
9498289
8142619
5766994
812173
770795
1670587
7710503
273156
2084354
2650524
7403550
7659104
11341
7177282
3394337
2213135
5064463
2667200
4597284
1565986
6047103
4200836
1382788
6238504
2777051
868847
6649509
5125595
3928282
7201301
1530069
1596918
18226
3580614
7999490
1307595
2226334
9960290
3794853
8714829
7466984
155810
135268
5764218
2023228
7085253
2217532
8014481
1188302
3841092
6426847
1498727
1718443
1731435
5257166
6166662
5020672
2300648
6420994
2233824
2396677
1147757
8900452
9450459
142183
2753419
7383644
5891953
3574478
2539637
6907346
7421970
3644761
1454384
1685525
2349031
2066236
9891409
6442987
5897790
7203948
5276496
2345962
4157166
4646747
1413459
4163552
9284455
4780178
450039
5060837
3446808
8686389
8548371
3164964
6572492
4958373
915519
4015477
8302839
6474086
1891525
4044681
8381605
9964489
1191384
8863177
202451
6058223
5309531
2214306
6490069
9535841
7060919
6130604
9166337
2898605
7902315
1224600
280002
9854325
1133009
231416
4398740
3619566
668184
1014500
6676913
8499516
4806468
8406207
6969793
7106414
6749096
1382910
9002064
9020361
2561553
4655137
1402527
5199375
1325762
8578270
3409089
2606796
8999134
5481961
6555387
9838783
1109228
5203781
7339798
4003672
971501
4101690
1446411
7289426
1945932
7606318
923228
5189027
2946850
2003922
212483
2302032
190432
2748656
8328427
5816747
8774574
8677560
4349443
2801174
6238934
2129543
4509120
1980664
492517
5620553
7202872
4563078
8788816
1071595
4411564
9674610
1293021
8323975
7636952
8569498
6041877
930114
8382065
9510772
2799806
6168778
2639224
4280138
1726458
9628651
1934977
3831991
8536666
43093
738834
206160
4102893
771443
7914897
6106513
6425330
2518003
3002467
593303
9275532
7035850
3766742
5398942
4165166
6983627
5367621
4550954
1306729
9588783
6254684
2003216
8422850
883693
3008899
3744424
8653254
770554
6726403
1156394
7802986
4736324
5212644
5491199
1449309
9279334
7662930
133701
6189440
3366704
4892154
9459108
5098753
4069885
7783399
6178607
9926927
8277219
3278645
9169743
4112547
2526085
107004
6879265
401148
3909054
9085621
5812026
160975
5620659
24529
6312845
5159173
1743976
3442591
8888813
3995790
7043342
8254875
1004873
2388631
4694690
1560729
736525
3883466
8720113
6929944
6249379
7691650
1424427
9743715
1603517
8479671
2239991
6616117
1255448
9930364
9526452
1044934
7297802
2192922
3972371
4893512
4378702
5284973
6592652
5473594
5336124
7596017
4562663
3919347
1253048
3400954
2283578
9809774
1828261
2607357
1772643
2757755
7542479
7819108
5268605
6820149
2025627
8991322
6011066
3483558
7581911
5172546
7773666
4446096
2011816
1517011
2644348
5103881
676622
3607451
5499466
2488461
1530299
4164421
5968374
6647879
8614424
821256
5013716
4364875
2917017
521471
6784576
7586677
9327357
9229498
4191832
1589227
7751800
1709722
2345339
2037648
200604
1034638
3729377
2193038
3324121
6720648
6245147
1409948
9769773
9833441
4342290
1258077
365747
1081662
3317701
7439544
2160764
1543146
5562485
2055674
716326
7734212
849560
2818392
9628180
7267159
6626979
8323620
494631
6421135
7158235
2899224
5938183
3602339
3139875
4613429
4695181
7482831
2493622
581322
4123585
4951044
8370013
6912083
9239023
8036806
1023060
1471724
4693863
6425931
2302439
7033594
3346347
8821697
4180006
9121046
327659
6417253
6024902
8047770
9135493
8131573
5771935
9490051
8428761
5395627
6515957
4537158
3016810
437265
5349878
3674550
491631
4713269
982998
7913551
8882400
5996729
9797709
3905101
2678060
1679976
4158352
4045873
4471582
8953826
937992
3681116
9658511
6516649
5952634
2914405
2954474
3968670
9940828
5335228
6019383
9924772
473228
5900248
9523610
9455748
2384081
9447400
3158037
8258195
9095342
5185051
2945354
8228158
636926
1514268
942343
3902773
3671005
334337
8832341
8019325
11468
5565573
3380012
2189252
5716989
2977283
5428920
999184
367638
2478197
9841669
2376538
1860939
8829763
6121836
1216879
6267814
6636993
9831729
1695039
5646558
5062780
5412384
2289280
2642477
7329436
8173860
5323133
2922636
9428415
5986540
3745299
9880944
2941913
6348232
5147640
4941180
2136552
2981451
30164
9610574
6569982
9520781
543293
3054825
5338794
3706008
9488359
1746680
8324604
2359605
5556085
1305379
3992910
5818509
5360634
2816684
1488576
5632942
7493207
191187
4449527
3517919
4186601
1137408
5880099
4306006
1812520
21495
807781
6474951
7352114
7040613
2790696
6946089
8272544
6353743
5892682
9160763
6297288
1701689
8044495
9698162
3784651
2728924
7571347
1236639
560574
4947746
336853
5347183
4380996
1756995
1244877
5734591
2853892
6299139
2699530
1258332
9177914
1562038
5669870
9966179
8098980
519980
7236405
2768194
7284674
2635765
898517
1698825
5554846
3448565
3187407
6866577
9296464
9061802
4450405
4723174
4989555
3985399
1609203
832745
6591806
9592706
9221809
8236746
2576812
914440
6053705
64015
7174038
1470160
4941720
8058574
3349988
1627171
431774
3472095
2866089
4895784
1374660
7945198
1937919
5173312
6668396
7901137
8205683
4446037
1529024
9128920
6501627
3101793
6224692
6399589
6197532
3130343
7478869
748548
4417374
7377621
7802378
4419133
3795716
4505723
9466487
1034138
2535552
1622401
1437931
5767863
9084007
6945544
9893968
3817031
9287899
1023138
6494563
8767476
7023481
8984441
7966232
9608552
3953418
7990356
5013907
1324646
6623719
582648
8423865
9583481
8670758
9587935
2473762
2017995
7533637
2900428
2804560
3554927
3233408
2117050
715983
7103053
1314806
7304687
3387644
2480986
9983244
4326616
5364507
1124275
1460079
6511224
9334243
6666511
9261933
5471500
4633881
8718921
7686602
207431
9857891
8767136
7039617
1887753
6953190
2510582
2486380
9505869
9863898
9775700
1681145
1772259
9440267
1694339
4799842
8986439
5769168
6893591
4431478
6426404
8146761
9596958
7936406
628570
2889033
4620683
6760782
2413448
6739742
650663
6640301
5561548
3985920
826966
7972839
4506098
6248519
339452
5668453
5084419
5216864
4703437
8248002
1647815
3824491
2254615
5041226
7434163
5383278
4520118
6992287
1497985
3153038
7410775
3546545
6831186
8127896
8665456
6273173
942978
8644792
2667116
1100871
5219780
8502614
6767680
2275827
8796064
9540739
485670
2914830
3234034
3367637
966830
4185753
554841
7657938
848244
6046091
3340508
4596580
6179920
7788294
8474615
6659587
2078242
512766
4059048
6248956
8200481
9966398
7484374
2979360
7962170
9846217
9249845
5867998
5775540
2743304
4339594
1516525
4782671
460543
6485496
833007
2733133
9600898
3595670
3713655
3776754
3468371
4514474
6870391
8611431
336423
149284
7954032
2219863
2905825
141998
3754239
4234409
5124764
4620086
7110299
6316210
5850370
7700709
4227837
3660941
7829894
5069154
8734855
6663114
9806068
1716513
123272
8581777
6278534
9419688
9961851
4742532
5007596
1813694
8082230
1071009
5641904
4638620
5454895
4645359
4381319
5012884
3160158
2515397
8678747
4031600
952521
6779647
5361759
2347628
427069
8344532
4959423
4352451
7022367
6788044
6514173
592555
9781515
9597280
3186248
5757388
3730636
8969689
7981513
6014584
8511331
5036434
2851903
9365849
3038956
4928879
1637508
7898393
2146547
4339458
9378995
3071378
5630979
1498203
3728796
5960667
3746821
5152036
7054360
5558580
6235797
4371459
9824247
4933360
7780613
1976046
7894294
900550
9790758
9736039
1194802
7922532
3263904
8396618
2010178
6403347
8889216
5005579
6930790
907010
2529643
2304607
3360420
5749047
6865100
9553007
7676775
2402903
5308034
3025885
1355792
8180250
5580597
2966619
5258216
973307
79080
7584195
4589037
3512854
2828736
9668356
2658101
8213741
1477089
2171072
7276471
7204300
6767820
7197853
8009448
6430983
78336
632926
8955387
3345616
6259603
236175
5405840
8909269
3197347
300583
69187
4174560
3796109
5777231
5236040
2163100
1723159
6434910
8444585
9876256
5135760
2802134
1095335
767027
5003004
4879281
7649175
8728992
8793235
5667934
7275696
2244615
5750103
8223834
6027230
3161265
2766287
6767789
320860
3832223
3763488
2201268
3543185
367644
9893405
8466347
2835094
2066316
6150384
626855
6294685
4291431
8971339
815154
9964393
804642
1813843
331212
809250
1942631
6992334
7454357
6379600
2073582
9181875
4240245
7959050
2569047
3447633
156105
5051896
7061052
1694161
8729341
4529465
2301223
7026731
1760169
8582969
1975259
4743033
1912814
1782810
8350676
3332738
3351239
4412306
8776936
3383515
6004932
6874569
4955171
2690623
661119
9196243
8327451
3484527
8064203
5546609
3934346
45937
213900
1493220
1852724
9632685
8289691
2502230
1511337
8584992
1259101
1699373
4293158
3878227
7663015
4966429
4431283
7789282
840207
1674516
2931010
661770
4874909
6043400
5246355
7147014
1944498
1593810
769892
162275
2321874
2860722
5514014
5998315
7343631
4501485
1559465
6251563
5749934
3068040
1909785
6723931
6715085
7659449
4560603
6471233
8023620
7075621
2798083
1896775
2223176
983924
2674212
1740018
6979787
9911146
8097941
9545287
7351153
3041048
6371161
6016292
483457
2192033
8104732
8189342
1894777
6900205
7393516
771288
1062603
4389136
5272038
207370
8804984
9674565
9479333
3757844
5675743
8709048
8776215
1597898
7261983
4170430
8085439
5800714
6457159
2494008
9367462
915468
195369
2632805
8482017
7873362
8318730
2775017
1256031
8248485
5379343
4041495
5551495
4666703
844745
8504863
3736396
9235784
6352485
6765866
3942646
1322558
7702330
7452253
9613931
7517847
1476729
8362707
7500559
5302633
1991571
8344541
298117
1722070
6768595
6917893
601161
9347108
9212350
2848
1524975
5110306
8528493
9434376
3470389
7653899
5718585
6095876
910587
3739946
7624574
5569577
9397772
7937866
6095072
7592235
1912995
1634722
3720300
36859
5727023
5958244
4898672
9188724
8757457
6272840
1783792
768030
2754071
8261473
2356347
6865418
1794517
4266267
3287017
3146457
2025779
6591710
3616992
7667960
3197382
5669585
1808010
6953659
780147
9878612
2067275
7558213
7673696
9887085
8459032
2258818
8368956
72774
8898038
814897
9281598
7261354
9816697
8102254
8528411
2972964
9706532
2913369
2153889
1737348
6499588
5399643
8457565
6453569
7024029
4164756
4590178
6675151
5752217
4935414
7597491
2237609
2318276
6924720
8594878
5014931
9190660
5266550
9287558
3646404
3370360
3518396
4875115
5793065
2225863
2983203
8453930
9101497
5408663
1936179
5909570
9433497
8059270
9777867
9573721
7004118
8957403
4797076
7086468
214254
8769954
1786279
423997
6389944
2438178
890283
949671
3353807
4479153
2700048
4808611
4203717
2456661
1040739
4951638
3422568
9079362
542012
6017693
7593276
1719330
9426866
3763254
9416558
6524436
3986191
8571854
4825776
788192
6401895
6502089
6988822
5245464
9263114
902652
217521
4216805
3407239
7433378
3784076
6169673
9871468
9170681
3296205
3246353
4935484
7529865
2976713
1249383
3136947
2915799
8620920
2002425
6328337
681730
7189169
4682727
9338176
4433205
2182155
2699939
9797661
4278462
94710
5545924
7823742
2597209
670092
2578715
5412834
853213
5052540
8230080
9607926
9230157
6007680
1222737
5332790
8814667
3690351
3084812
8734325
1143812
8474849
2673794
6978169
9111374
9009969
6768216
1542591
5862009
3711088
3579483
5568082
5554375
6053184
4925361
3664904
8900295
7966782
9417634
147702
1924715
5805040
7477056
4032369
4090741
669030
5384430
6398371
1902101
6473924
4304876
9063679
4745084
414494
8671604
6290753
8628675
8535167
7475205
8167228
735709
4973337
3229822
5373957
8621723
1381528
1609882
2808419
9025720
8945710
122987
1098435
3536327
3576486
7117054
1743603
3449053
9022019
7302078
1209982
2579574
398509
7704521
5565261
635627
1468358
1228899
910468
2986213
4226315
9363100
1181823
9646267
3819260
4339393
6838944
6510107
7568633
6785512
7264955
5308383
283384
6534757
1984842
8973032
98968
1060951
9824873
763647
1217849
6001213
8436205
1780659
4862652
5055826
1451317
4723079
7342988
6399058
6628901
517060
7952194
2622673
8950104
3688735
2288102
6559767
9155738
4948918
2417187
5000559
6260092
187070
9286595
9312526
2371860
2067543
700838
84387
9608624
6611594
9011916
9185953
1428192
5111870
3524103
5768874
3552357
6923194
8599208
2390001
2700367
3086886
3704208
4240304
3260253
1923048
3042683
9517592
912485
9208194
7738746
9221842
1227163
4876343
1130160
4205841
1647563
3312118
9740779
8173699
5550758
5991788
2151094
3934809
1678478
4783808
1171199
3246368
5331564
8151399
7560585
5508734
5128384
9800746
2556764
9488389
9510365
6115186
5307190
7185806
2829302
81066
5254873
4130134
3716585
7316948
4641918
6031175
2253278
5562704
8052292
7765308
7471867
6018686
5124967
8170025
9255518
1825909
2948934
1375291
4707955
2348839
9036512
3295581
4416345
1282826
1265002
312565
8509041
523353
9762503
9712344
6797029
9899167
3569532
614991
9254212
4372417
9117903
9054280
7920590
2493648
6137419
6585030
3746464
9891860
4882156
2246155
7796392
8407452
8563293
1519245
6656951
6104652
8424969
177699
4007755
2782394
8625783
2355030
7486337
2671309
3005558
9501898
9492760
2452814
8111842
6019591
678133
3671176
8181278
3888119
1054636
4435177
6198094
3926182
718207
3469094
8688673
6060793
6511122
7879826
7627652
779092
669490
5437012
1731829
8747186
4588490
4417711
9707825
9132679
9565701
2916716
6319299
6350487
6128663
9859615
1305897
8668166
4220920
6313750
3739629
8663281
6808903
5920647
5788682
8168182
8088466
110691
8419428
2331502
7380276
2778405
3858605
1293326
8632571
4711202
3548669
2520616
3135757
2640019
6077093
1985252
3864571
6956064
5540253
1901508
8078509
8033177
8036642
3535026
9911827
2705264
6893745
376583
4088110
723842
2145557
9621508
9937945
2703299
2260295
8600720
657514
9601086
2463988
938048
2790746
4332878
3020529
8667793
6802429
9455718
312393
4755580
1438622
3633835
7536382
7909006
8081055
2861636
3680315
6891525
2394313
9775181
3051510
8569885
4437921
2813904
5749070
7607967
9908557
1154993
3855636
6345334
6466978
2218170
1821505
277875
3394846
8769642
8461749
7042992
2509221
1615623
2976651
7983761
654925
8915916
8444463
1971599
1563469
8090661
2186556
9047718
20137
7239316
8758449
7057907
6213903
728774
8888847
7196692
3850141
8088690
6396088
5880714
9882587
9665704
1639418
7138528
2246186
4270104
8005102
3900919
1406226
4752427
9122293
6855955
4325250
3171247
91763
119355
9697016
8766778
1976836
8720157
120697
6291958
3446354
5299952
6859283
6077879
1788170
2596754
7148296
9820883
4255252
4383936
8994348
7106184
9473595
6134490
4623139
6668175
3417413
6932819
9262784
9354350
8094466
2998418
6211143
9380038
9309868
8116149
4257683
5144786
9691379
5777341
6679509
2316406
1997928
3854923
7492619
2714472
1682397
3598011
8528590
6720297
5678045
9237137
873302
2696737
6528077
88763
1528213
2438207
7913287
7304422
1478756
1075092
4413952
3720688
6221582
1342844
633430
6447921
6721706
8741023
4806157
964070
2940562
8294126
7364729
179691
3384086
8693170
4798394
3267305
563872
8565572
8653917
3886794
2843452
605006
6035436
4014061
4820
2641485
1456981
4629453
6701386
5924500
6629402
6802339
9832794
3360651
8686282
257808
1151206
1512733
9220635
4773014
9380375
9779984
5840070
5829665
4639032
3796609
3263592
7629591
6777265
9645335
78039
4380658
2936597
6830586
8493266
1786186
9372269
1214436
8441778
4936727
5703682
1963086
8611522
4323378
9024522
9645119
4196678
7428426
6326358
9448402
8113964
4081448
5698562
7698200
7729607
9845316
458869
8086118
1950659
4325498
1133373
6420192
3697402
3857588
5297083
6919360
5923973
8665503
8986748
163129
4418275
4165072
4819920
1560440
6692946
5737689
1275552
9303831
2994494
7995274
5265912
5931383
3666932
9625301
4514343
3066615
3190482
8371820
3349849
3940320
4061035
4452764
3469170
3845465
3401859
4189195
5973149
2617172
1789950
2011228
1316803
8265545
111127
9084426
709058
8091519
6227645
5291818
8260101
9638836
4609256
8234348
3068081
8575400
4702094
6675311
3726099
9674837
2151611
908456
8820378
7099713
8024880
9072581
546311
8430136
5826542
6605474
2932664
7670477
2019443
8694040
7718704
5295750
141241
198307
3535839
6365746
9747701
1690269
5459914
6066681
4357056
3139897
9203367
4409876
3978535
4519921
7907863
5756204
6139189
3085560
8367973
7112582
3532149
7031213
